193
372
189
188
359
191
188
188
187
187
189
193
191
192
192
193
191
193
192
193
193
192
192
192
192
192
379
193
194
192
382
193
193
192
191
192
192
368
190
192
192
375
193
193
192
191
192
193
192
191
193
193
388
191
193
192
191
191
190
189
186
188
193
385
190
193
193
389
194
193
193
191
191
192
183
191
192
192
387
191
192
193
192
193
193
193
190
191
192
193
191
193
193
193
192
192
192
192
192
192
370
192
191
192
375
192
192
193
191
193
192
192
191
192
192
384
192
192
192
214
193
193
192
191
193
192
372
190
193
192
383
195
193
192
191
191
192
192
192
193
193
385
191
192
193
235
191
192
192
190
194
192
376
190
192
193
371
191
192
193
190
191
192
193
194
193
192
193
192
192
192
192
191
192
192
192
192
193
373
193
192
192
387
193
192
192
191
191
193
182
191
192
192
376
192
193
192
190
193
192
192
202
193
192
376
192
193
192
378
191
193
192
191
191
192
369
191
193
193
383
195
192
192
191
192
191
192
191
192
192
329
187
188
188
186
188
188
188
187
188
187
188
187
187
187
188
188
188
329
188
187
188
362
189
188
188
186
189
188
360
191
189
189
348
188
188
188
187
189
189
177
188
188
188
346
188
188
188
186
188
189
177
188
188
189
344
187
187
188
186
188
188
188
187
187
187
334
188
187
188
186
189
188
188
188
188
188
188
188
187
188
188
187
188
177
188
187
188
371
190
189
188
187
193
193
192
191
193
193
371
191
193
193
214
191
192
192
190
193
193
365
193
192
188
366
189
189
189
187
189
193
182
190
191
188
347
188
188
190
187
188
189
194
204
194
193
193
192
192
193
209
192
193
193
191
193
194
194
191
194
193
193
192
192
192
193
192
192
355
214
213
214
381
306
306
306
303
448
446
445
444
451
451
643
454
496
496
495
494
551
550
548
550
592
785
593
595
619
794
617
618
637
635
637
647
651
641
645
637
806
642
638
605
603
602
603
569
579
568
569
538
536
536
536
681
513
512
513
488
490
490
492
471
473
473
473
458
454
454
439
438
438
436
428
428
428
610
413
412
414
412
407
406
406
402
398
398
587
399
391
390
564
388
387
386
385
387
382
378
382
383
378
554
377
380
379
391
378
376
374
373
374
371
516
369
370
367
510
366
367
363
361
363
363
356
354
356
356
358
348
350
349
308
308
308
308
195
196
195
188
187
187
188
188
188
187
332
188
187
187
187
188
187
187
187
188
187
356
189
189
190
197
190
189
189
188
190
193
341
192
192
188
363
191
190
190
187
188
189
333
189
188
188
342
188
188
188
187
188
188
188
187
188
189
188
187
188
188
190
189
188
342
187
189
188
353
188
188
189
189
189
189
344
189
188
188
336
189
188
188
187
188
188
327
188
188
188
335
187
188
188
187
188
188
332
189
188
188
370
189
190
189
186
191
190
183
191
193
195
365
196
193
195
191
193
195
196
201
195
194
191
188
191
188
189
189
188
188
188
188
189
369
190
189
189
187
190
189
188
187
189
189
346
188
192
192
348
192
409
409
416
565
564
748
564
631
631
800
631
644
643
638
643
594
597
592
592
533
720
535
534
495
495
495
495
466
463
466
466
639
434
435
436
592
408
409
391
389
391
391
369
366
368
368
357
355
357
357
341
342
340
341
333
334
332
506
326
324
326
506
318
319
318
314
307
306
500
307
295
295
473
254
254
253
252
194
193
192
191
194
194
360
191
189
189
190
192
194
194
191
193
193
370
196
192
193
383
192
193
193
191
194
193
183
191
193
194
375
193
193
194
191
195
194
194
196
194
192
189
188
188
189
193
193
193
192
193
193
192
358
193
194
193
368
191
192
194
191
190
188
356
188
188
188
367
192
190
189
187
193
193
192
190
188
189
355
188
188
188
187
187
189
189
198
189
194
375
192
192
193
373
192
192
192
191
192
193
349
191
188
189
355
189
189
189
186
188
188
188
187
188
188
189
188
188
188
188
188
188
334
188
188
188
342
188
188
188
186
188
188
335
187
189
189
345
188
188
188
186
188
188
335
188
189
188
343
189
189
188
195
189
190
367
188
190
194
387
198
193
193
191
193
192
182
191
192
193
485
315
313
313
626
628
627
628
647
648
647
647
607
607
607
532
531
533
533
480
480
480
640
435
435
435
435
406
407
407
404
384
383
544
385
360
360
377
361
347
347
343
347
331
520
327
320
319
509
322
307
306
305
306
295
288
293
294
284
462
281
284
273
292
275
273
241
239
241
241
377
195
197
196
373
192
193
194
190
194
192
189
187
189
189
189
188
189
189
194
192
193
192
194
194
194
369
194
194
193
192
188
189
189
187
189
188
351
187
188
188
190
189
184
185
183
185
184
331
183
184
184
185
184
185
184
182
184
188
334
187
188
188
196
188
188
188
186
188
188
188
187
188
187
190
187
188
177
188
188
188
188
188
188
188
188
188
188
177
189
188
188
325
188
189
188
187
189
188
177
188
188
188
327
188
188
189
190
188
188
326
188
188
188
330
188
188
189
187
188
189
323
188
188
189
331
188
189
190
187
189
188
193
192
193
194
234
233
233
225
318
318
319
456
358
358
359
355
384
384
384
383
422
421
568
421
459
459
456
459
499
498
497
538
537
691
536
584
583
581
584
622
623
619
622
645
810
640
646
633
669
640
635
618
613
617
617
590
583
586
588
760
561
564
567
583
538
533
536
488
491
494
445
440
442
442
418
412
416
414
385
384
389
384
367
365
364
549
355
353
354
353
355
353
353
352
354
353
527
354
352
353
529
355
355
353
351
357
356
515
355
365
364
522
364
371
371
376
371
364
518
364
363
360
512
360
360
387
388
387
387
604
450
450
451
654
513
513
193
192
192
193
189
188
189
188
189
187
188
188
189
188
188
338
189
188
189
188
188
189
189
187
191
188
343
187
188
189
187
188
189
188
191
190
192
360
188
191
190
389
190
195
195
192
199
200
390
197
199
199
406
197
200
200
197
204
199
195
196
193
194
349
194
194
193
350
188
188
188
187
190
190
189
188
189
190
190
190
189
190
189
189
189
335
189
191
189
188
189
189
189
187
189
189
333
188
225
225
224
224
274
275
273
275
297
450
296
298
321
320
321
353
352
351
352
387
543
385
386
428
432
428
427
478
474
476
476
518
517
518
518
561
560
561
562
597
596
597
740
627
627
627
627
647
647
651
647
653
652
794
652
651
651
649
647
647
651
645
643
642
801
641
620
620
617
619
575
575
582
575
543
690
542
542
515
511
513
514
486
486
486
487
600
460
458
426
421
425
424
406
405
404
404
390
391
390
389
379
378
377
521
360
359
359
512
348
347
348
350
340
340
497
339
340
340
495
341
430
430
433
272
272
419
272
188
188
347
187
188
188
186
188
189
346
191
188
188
351
188
188
188
187
189
188
177
188
188
188
352
191
188
188
187
187
188
188
186
188
188
188
187
187
188
188
187
188
177
189
188
188
360
189
188
188
187
190
188
189
192
189
189
367
188
189
189
202
188
188
188
187
188
188
365
191
189
189
366
187
189
188
186
189
189
178
186
188
188
358
191
187
189
186
188
188
225
224
224
225
463
299
293
294
331
332
332
333
362
364
363
365
399
397
399
435
433
434
432
476
475
476
648
526
524
524
525
573
572
572
573
615
614
804
613
645
645
800
643
652
651
650
653
647
652
646
648
624
809
621
625
603
610
605
587
586
583
588
583
770
585
582
579
772
578
578
572
570
571
571
573
570
572
572
739
575
575
576
592
592
593
593
609
610
611
611
589
590
589
590
556
557
557
317
318
319
497
192
191
192
363
192
192
192
190
188
187
176
187
188
187
345
186
187
187
186
188
187
177
186
189
188
360
187
189
189
189
194
200
199
195
197
198
389
195
197
193
383
194
193
195
192
193
193
194
191
191
192
367
187
189
188
187
190
188
189
202
194
192
193
192
192
192
194
192
192
193
192
192
192
367
193
192
192
396
193
192
192
190
192
194
182
191
193
193
384
191
193
194
191
193
198
196
195
197
197
391
195
194
192
375
192
194
192
191
193
195
182
191
193
188
357
187
189
189
187
187
189
189
186
189
188
361
187
189
189
199
193
193
192
191
192
192
193
191
194
193
195
195
193
193
197
196
199
187
197
198
198
377
192
192
193
192
194
194
194
191
198
198
411
195
197
197
383
196
194
193
191
194
193
192
207
198
197
398
203
199
198
399
195
197
197
195
198
193
183
191
193
193
368
192
192
189
187
188
188
184
187
189
190
365
187
189
189
200
190
189
189
187
188
189
188
188
188
188
190
188
188
188
189
187
188
362
189
188
188
365
189
189
188
186
188
188
348
188
188
188
359
189
188
189
187
188
188
178
186
189
189
366
187
189
188
187
187
192
193
201
192
188
363
188
188
193
389
192
193
197
194
198
197
397
195
198
199
408
196
198
198
195
198
196
197
195
196
197
198
196
197
197
193
192
193
193
193
194
193
382
193
192
192
391
193
194
192
191
198
196
197
195
201
201
415
204
201
201
395
201
197
196
196
198
197
196
205
197
197
399
199
197
197
400
197
197
196
195
195
197
192
195
197
197
402
196
196
197
406
195
196
197
195
198
198
186
196
196
198
398
195
197
197
213
195
196
202
198
202
201
201
199
200
201
201
199
200
201
201
199
201
201
201
200
201
435
200
203
202
416
204
201
201
202
202
201
201
202
202
201
192
202
201
201
417
202
202
202
427
201
201
201
199
201
201
201
199
202
202
420
199
202
201
411
200
196
196
195
197
193
193
196
193
192
378
196
193
192
374
192
193
192
191
192
193
369
190
193
189
369
191
189
189
187
189
189
189
187
189
188
376
192
192
193
192
192
193
192
186
188
189
192
193
193
192
194
192
193
192
193
193
193
378
192
192
192
367
188
188
188
186
189
188
177
187
188
186
255
186
186
186
185
186
186
175
185
186
186
255
186
186
187
186
186
186
255
186
186
187
187
186
186
187
185
186
186
187
186
186
175
187
186
186
252
187
186
186
185
186
186
255
186
186
186
185
186
187
256
186
187
186
185
185
186
175
186
186
186
255
186
186
187
185
186
186
187
186
186
186
186
186
186
257
186
186
186
185
187
187
175
186
187
186
263
186
187
186
185
186
186
256
186
186
187
185
186
187
259
185
187
187
264
186
186
187
186
186
187
187
186
186
186
186
186
187
256
187
187
186
186
186
186
255
185
187
186
182
186
186
187
186
187
186
256
185
187
187
185
186
187
256
186
186
187
186
186
186
187
186
186
187
186
186
186
184
186
186
187
256
186
186
186
188
186
186
256
187
186
187
187
187
187
176
185
186
186
259
187
187
176
186
186
188
284
187
187
188
186
187
187
187
186
187
187
285
187
187
187
292
187
187
187
186
186
479
493
478
479
472
579
470
472
396
396
396
397
351
350
351
351
422
319
319
312
416
311
312
308
308
308
308
308
307
307
307
312
311
312
312
312
312
312
310
316
315
316
416
315
316
315
418
311
312
312
312
296
297
397
277
277
276
376
191
191
190
190
187
186
184
186
187
187
280
187
187
187
186
186
188
187
186
186
187
278
186
186
187
285
187
187
187
186
187
187
176
186
186
187
279
186
186
188
186
186
186
187
187
187
186
188
187
187
187
187
187
187
187
187
187
186
279
186
187
187
182
187
187
187
187
186
187
273
187
186
186
280
187
187
186
186
187
186
175
185
187
186
269
186
187
186
186
186
187
186
186
186
187
269
187
186
187
187
186
186
187
186
186
186
338
254
255
255
729
640
640
504
503
503
503
429
429
428
430
389
388
388
388
374
373
372
458
366
365
366
452
357
358
358
357
358
357
353
358
358
357
441
358
354
354
353
355
354
352
354
350
350
432
350
343
342
343
342
331
331
329
331
300
380
299
299
239
323
239
238
187
185
186
186
263
186
186
187
271
186
186
187
185
186
186
187
185
186
186
186
186
187
187
186
186
187
263
187
186
186
271
186
186
186
185
187
187
262
186
186
187
270
186
186
186
185
187
186
262
186
187
187
263
186
187
186
186
186
187
175
185
186
186
262
186
187
187
185
186
186
175
185
186
186
262
186
186
186
186
186
186
186
186
186
186
187
186
186
186
187
186
186
265
186
186
186
263
187
186
186
185
288
288
280
288
556
555
642
554
400
399
399
400
351
344
350
351
315
394
314
328
326
327
326
327
320
326
326
307
386
307
307
304
302
303
303
300
299
299
300
273
272
272
272
251
250
251
241
186
186
187
186
185
186
186
187
186
186
175
186
186
186
261
187
186
186
185
187
186
184
186
187
186
261
186
187
187
185
186
186
184
185
185
187
246
186
186
186
185
185
186
176
186
186
186
247
186
186
187
186
186
187
187
186
186
186
187
186
186
186
186
187
186
260
187
186
185
267
187
186
187
185
186
186
260
186
186
186
183
187
187
186
185
187
186
259
185
187
186
267
186
187
186
185
186
187
259
186
187
186
267
186
186
187
185
186
187
260
186
186
186
182
186
186
187
185
186
187
187
185
187
186
187
186
186
184
187
185
186
259
187
187
187
185
187
187
186
186
187
186
259
186
186
186
187
186
187
187
186
186
186
259
186
186
186
186
186
186
186
186
186
187
259
186
186
187
187
186
186
187
186
186
186
187
186
186
186
186
186
186
175
185
186
187
186
186
186
186
186
186
186
175
186
186
186
259
186
186
186
186
187
187
176
186
186
186
259
186
187
186
185
186
187
175
186
186
186
259
186
187
186
185
186
186
176
185
186
186
258
186
186
187
186
186
186
187
186
186
187
187
185
186
187
186
186
186
258
187
186
187
267
186
187
187
185
187
186
259
186
186
186
267
187
186
186
185
186
186
259
185
186
187
267
185
187
186
185
186
187
258
186
186
187
